  Key    productID    Coupon  Maturity Date  Aggregate Position     TRSY1     TRSY2     TRSY3
    1    912828M72     0.875    2017-Nov-30     140734829797164  30000000         0         0
    2    912828M72     0.875    2017-Nov-30     140734809797468         0  10000000         0
    3    912828M72     0.875    2017-Nov-30     140734829797468  30000000         0         0
    4    912828M72     0.875    2017-Nov-30     140734849797468  50000000         0         0
    5    912828M72     0.875    2017-Nov-30     140734769797468         0 -30000000         0
    6    912828M72     0.875    2017-Nov-30     140734769797468         0         0 -30000000
    7    912828M72     0.875    2017-Nov-30     140734769797468         0 -30000000         0
    8    912828M72     0.875    2017-Nov-30     140734829797468         0         0  30000000
    9    912828M72     0.875    2017-Nov-30     140734849797468         0  50000000         0
   10    912828M72     0.875    2017-Nov-30     140734749797468 -50000000         0         0
   11    912828N22      1.25    2018-Dec-15     140734839797164         0  40000000         0
   12    912828N22      1.25    2018-Dec-15     140734849797468         0  50000000         0
   13    912828N22      1.25    2018-Dec-15     140734819797468         0  20000000         0
   14    912828N22      1.25    2018-Dec-15     140734849797468  50000000         0         0
   15    912828N22      1.25    2018-Dec-15     140734809797468         0  10000000         0
   16    912828N22      1.25    2018-Dec-15     140734809797468         0         0  10000000
   17    912828N22      1.25    2018-Dec-15     140734839797468         0         0  40000000
   18    912828N22      1.25    2018-Dec-15     140734749797468 -50000000         0         0
   19    912828N22      1.25    2018-Dec-15     140734839797468         0  40000000         0
   20    912828N22      1.25    2018-Dec-15     140734849797468  50000000         0         0
   21    912828M98     1.625    2020-Nov-30     140734829797164  30000000         0         0
   22    912828M98     1.625    2020-Nov-30     140734829797468         0  30000000         0
   23    912828M98     1.625    2020-Nov-30     140734779797468         0         0 -20000000
   24    912828M98     1.625    2020-Nov-30     140734829797468         0  30000000         0
   25    912828M98     1.625    2020-Nov-30     140734849797468         0  50000000         0
   26    912828M98     1.625    2020-Nov-30     140734819797468         0         0  20000000
   27    912828M98     1.625    2020-Nov-30     140734839797468         0         0  40000000
   28    912828M98     1.625    2020-Nov-30     140734769797468         0 -30000000         0
   29    912828M98     1.625    2020-Nov-30     140734779797468         0         0 -20000000
   30    912828M98     1.625    2020-Nov-30     140734809797468  10000000         0         0
   31    912828M80         2    2022-Nov-30     140734809797164         0  10000000         0
   32    912828M80         2    2022-Nov-30     140734819797468         0         0  20000000
   33    912828M80         2    2022-Nov-30     140734749797468         0         0 -50000000
   34    912828M80         2    2022-Nov-30     140734819797468         0  20000000         0
   35    912828M80         2    2022-Nov-30     140734819797468         0         0  20000000
   36    912828M80         2    2022-Nov-30     140734849797468         0  50000000         0
   37    912828M80         2    2022-Nov-30     140734839797468  40000000         0         0
   38    912828M80         2    2022-Nov-30     140734779797468 -20000000         0         0
   39    912828M80         2    2022-Nov-30     140734849797468         0         0  50000000
   40    912828M80         2    2022-Nov-30     140734759797468 -40000000         0         0
   41    912828M56      2.25    2025-Dec-15     140734829797164         0  30000000         0
   42    912828M56      2.25    2025-Dec-15     140734829797468  30000000         0         0
   43    912828M56      2.25    2025-Dec-15     140734779797468 -20000000         0         0
   44    912828M56      2.25    2025-Dec-15     140734839797468  40000000         0         0
   45    912828M56      2.25    2025-Dec-15     140734769797468         0 -30000000         0
   46    912828M56      2.25    2025-Dec-15     140734809797468         0         0  10000000
   47    912828M56      2.25    2025-Dec-15     140734749797468         0 -50000000         0
   48    912828M56      2.25    2025-Dec-15     140734829797468  30000000         0         0
   49    912828M56      2.25    2025-Dec-15     140734779797468         0 -20000000         0
   50    912828M56      2.25    2025-Dec-15     140734749797468 -50000000         0         0
   51    912810RP5         3    2045-Dec-15     140734849797164  50000000         0         0
   52    912810RP5         3    2045-Dec-15     140734749797468         0         0 -50000000
   53    912810RP5         3    2045-Dec-15     140734839797468  40000000         0         0
   54    912810RP5         3    2045-Dec-15     140734759797468         0         0 -40000000
   55    912810RP5         3    2045-Dec-15     140734849797468         0  50000000         0
   56    912810RP5         3    2045-Dec-15     140734759797468         0 -40000000         0
   57    912810RP5         3    2045-Dec-15     140734759797468         0 -40000000         0
   58    912810RP5         3    2045-Dec-15     140734759797468         0 -40000000         0
   59    912810RP5         3    2045-Dec-15     140734769797468         0         0 -30000000
   60    912810RP5         3    2045-Dec-15     140734769797468         0         0 -30000000
